FW,1024,1.3612
FW_SR,1024,16,1.1589
FW_SR,1024,32,0.8232
FW_SR,1024,64,0.6612
FW_SR,1024,128,0.6498
FW_SR,1024,256,0.7698
FW,2048,11.3453
FW_SR,2048,16,9.2476
FW_SR,2048,32,6.5522
FW_SR,2048,64,5.2067
FW_SR,2048,128,4.7708
FW_SR,2048,256,5.4074
FW,4096,93.7269
FW_SR,4096,16,74.8426
FW_SR,4096,32,54.5941
FW_SR,4096,64,41.4597
FW_SR,4096,128,36.8986
FW_SR,4096,256,42.8963
FW,1024,1.3339
FW_SR,1024,16,1.1591
FW_SR,1024,32,0.8213
FW_SR,1024,64,0.6675
FW_SR,1024,128,0.6427
FW_SR,1024,256,0.7690
FW,2048,11.3188
FW_SR,2048,16,9.2079
FW_SR,2048,32,6.5574
FW_SR,2048,64,5.2087
FW_SR,2048,128,4.7800
FW_SR,2048,256,5.4087
FW,4096,93.6228
FW_SR,4096,16,74.6585
FW_SR,4096,32,54.6413
FW_SR,4096,64,41.5102
FW_SR,4096,128,36.9423
FW_SR,4096,256,42.9174
FW,1024,1.3333
FW_SR,1024,16,1.1526
FW_SR,1024,32,0.8203
FW_SR,1024,64,0.6610
FW_SR,1024,128,0.6513
FW_SR,1024,256,0.7687
FW,2048,11.2571
FW_SR,2048,16,9.2135
FW_SR,2048,32,6.5411
FW_SR,2048,64,5.2004
FW_SR,2048,128,4.7557
FW_SR,2048,256,5.4143
FW,4096,93.5458
FW_SR,4096,16,74.7176
FW_SR,4096,32,54.4630
FW_SR,4096,64,41.6981
FW_SR,4096,128,36.9313
FW_SR,4096,256,42.9073
FW,1024,1.3327
FW_SR,1024,16,1.1523
FW_SR,1024,32,0.8227
FW_SR,1024,64,0.6614
FW_SR,1024,128,0.6480
FW_SR,1024,256,0.7707
FW,2048,11.2821
FW_SR,2048,16,9.2160
FW_SR,2048,32,6.5415
FW_SR,2048,64,5.2031
FW_SR,2048,128,4.7937
FW_SR,2048,256,5.4117
FW,4096,93.5863
FW_SR,4096,16,74.7496
FW_SR,4096,32,55.5030
FW_SR,4096,64,41.4615
FW_SR,4096,128,36.8513
FW_SR,4096,256,42.9200
FW,1024,1.3324
FW_SR,1024,16,1.1550
FW_SR,1024,32,0.8970
FW_SR,1024,64,0.7781
FW_SR,1024,128,0.6931
FW_SR,1024,256,0.7710
FW,2048,11.2615
FW_SR,2048,16,9.2129
FW_SR,2048,32,6.5378
FW_SR,2048,64,5.1984
FW_SR,2048,128,4.7566
FW_SR,2048,256,5.4115
FW,4096,93.5179
FW_SR,4096,16,74.7553
FW_SR,4096,32,54.4738
FW_SR,4096,64,41.5894
FW_SR,4096,128,37.8453
FW_SR,4096,256,44.0923
FW,1024,1.3546
FW_SR,1024,16,1.1518
FW_SR,1024,32,0.8220
FW_SR,1024,64,0.6603
FW_SR,1024,128,0.6447
FW_SR,1024,256,0.7695
FW,2048,11.4914
FW_SR,2048,16,9.2224
FW_SR,2048,32,6.5968
FW_SR,2048,64,5.3460
FW_SR,2048,128,4.9465
FW_SR,2048,256,5.5020
FW,4096,95.4632
FW_SR,4096,16,75.9401
FW_SR,4096,32,55.8903
FW_SR,4096,64,42.5174
FW_SR,4096,128,37.9093
FW_SR,4096,256,43.9462
FW,1024,1.3416
FW_SR,1024,16,1.1527
FW_SR,1024,32,0.8439
FW_SR,1024,64,0.6773
FW_SR,1024,128,0.6433
FW_SR,1024,256,0.7708
FW,2048,11.6521
FW_SR,2048,16,9.5396
FW_SR,2048,32,6.6759
FW_SR,2048,64,5.3093
FW_SR,2048,128,4.9435
FW_SR,2048,256,5.4711
FW,4096,95.9091
FW_SR,4096,16,76.3504
FW_SR,4096,32,55.4502
FW_SR,4096,64,42.2304
FW_SR,4096,128,37.4092
FW_SR,4096,256,44.0319
