FW,1024,1.3534
FW_TILED,1024,16,1.1348
FW_TILED,1024,32,0.7941
FW_TILED,1024,64,0.6441
FW_TILED,1024,128,0.6469
FW_TILED,1024,256,0.7649
FW,2048,11.2832
FW_TILED,2048,16,9.0762
FW_TILED,2048,32,6.2999
FW_TILED,2048,64,5.0485
FW_TILED,2048,128,4.7391
FW_TILED,2048,256,5.3516
FW,4096,93.7635
FW_TILED,4096,16,73.8017
FW_TILED,4096,32,51.7804
FW_TILED,4096,64,40.5302
FW_TILED,4096,128,36.3791
FW_TILED,4096,256,42.3491
FW,1024,1.3321
FW_TILED,1024,16,0.5748
FW_TILED,1024,32,0.4051
FW_TILED,1024,64,0.3335
FW_TILED,1024,128,0.3632
FW_TILED,1024,256,0.5110
FW,2048,11.3131
FW_TILED,2048,16,4.5823
FW_TILED,2048,32,3.1872
FW_TILED,2048,64,2.5646
FW_TILED,2048,128,2.4727
FW_TILED,2048,256,2.9519
FW,4096,93.7139
FW_TILED,4096,16,36.9900
FW_TILED,4096,32,26.1705
FW_TILED,4096,64,20.3488
FW_TILED,4096,128,18.7939
FW_TILED,4096,256,21.9106
FW,1024,1.3327
FW_TILED,1024,16,0.3008
FW_TILED,1024,32,0.2141
FW_TILED,1024,64,0.1845
FW_TILED,1024,128,0.2280
FW_TILED,1024,256,0.4114
FW,2048,11.3175
FW_TILED,2048,16,2.3877
FW_TILED,2048,32,1.6642
FW_TILED,2048,64,1.3574
FW_TILED,2048,128,1.3636
FW_TILED,2048,256,1.8233
FW,4096,93.8640
FW_TILED,4096,16,19.2954
FW_TILED,4096,32,13.6015
FW_TILED,4096,64,10.6572
FW_TILED,4096,128,10.0155
FW_TILED,4096,256,12.0330
FW,1024,1.3331
FW_TILED,1024,16,0.1653
FW_TILED,1024,32,0.1220
FW_TILED,1024,64,0.1138
FW_TILED,1024,128,0.1693
FW_TILED,1024,256,0.4589
FW,2048,11.3739
FW_TILED,2048,16,1.2979
FW_TILED,2048,32,0.9113
FW_TILED,2048,64,0.7598
FW_TILED,2048,128,0.8302
FW_TILED,2048,256,1.2931
FW,4096,93.6527
FW_TILED,4096,16,10.5187
FW_TILED,4096,32,7.3940
FW_TILED,4096,64,5.8054
FW_TILED,4096,128,5.5637
FW_TILED,4096,256,7.2303
FW,1024,1.3503
FW_TILED,1024,16,0.1058
FW_TILED,1024,32,0.0845
FW_TILED,1024,64,0.0862
FW_TILED,1024,128,0.1798
FW_TILED,1024,256,0.4733
FW,2048,11.6455
FW_TILED,2048,16,0.6957
FW_TILED,2048,32,0.4955
FW_TILED,2048,64,0.4276
FW_TILED,2048,128,0.5691
FW_TILED,2048,256,1.2885
FW,4096,97.4915
FW_TILED,4096,16,5.7662
FW_TILED,4096,32,3.8887
FW_TILED,4096,64,3.0669
FW_TILED,4096,128,3.0459
FW_TILED,4096,256,4.4854
FW,1024,1.3585
FW_TILED,1024,16,0.0828
FW_TILED,1024,32,0.0821
FW_TILED,1024,64,0.0818
FW_TILED,1024,128,0.1933
FW_TILED,1024,256,0.4758
FW,2048,11.9306
FW_TILED,2048,16,0.3989
FW_TILED,2048,32,0.2999
FW_TILED,2048,64,0.2820
FW_TILED,2048,128,0.5339
FW_TILED,2048,256,1.2757
FW,4096,96.6778
FW_TILED,4096,16,2.8176
FW_TILED,4096,32,2.0094
FW_TILED,4096,64,1.6326
FW_TILED,4096,128,1.8705
FW_TILED,4096,256,3.5894
FW,1024,1.3609
FW_TILED,1024,16,0.0998
FW_TILED,1024,32,0.0894
FW_TILED,1024,64,0.1059
FW_TILED,1024,128,0.2209
FW_TILED,1024,256,0.4848
FW,2048,11.7418
FW_TILED,2048,16,0.3739
FW_TILED,2048,32,0.2912
FW_TILED,2048,64,0.3094
FW_TILED,2048,128,0.5975
FW_TILED,2048,256,1.3166
FW,4096,97.3357
FW_TILED,4096,16,2.4070
FW_TILED,4096,32,1.7624
FW_TILED,4096,64,1.5363
FW_TILED,4096,128,1.9363
FW_TILED,4096,256,3.5594
